let constants = {};
constants.preloadUrls = [];
constants.preloadUrls = constants.preloadUrls.concat(utils.getTeaserDataURL('mnist', 'test'));
constants.preloadUrls = constants.preloadUrls.concat(utils.getTeaserDataURL('mnist', 'train'));
constants.preloadUrls = constants.preloadUrls.concat(utils.getTeaserDataURL('fashion-mnist', 'test'));
constants.preloadUrls = constants.preloadUrls.concat(utils.getTeaserDataURL('fashion-mnist', 'train'));
constants.preloadUrls = constants.preloadUrls.concat(utils.getTeaserDataURL('cifar10', 'test'));
constants.preloadUrls = constants.preloadUrls.concat(utils.getTeaserDataURL('cifar10', 'train'));

constants.layerTransitionUrls = {};
constants.layerTransitionUrls['mnist'] = utils.getLayerTransitionURL('mnist', 'test');
constants.layerTransitionUrls['fashion-mnist'] = utils.getLayerTransitionURL('fashion-mnist', 'test');
constants.layerTransitionUrls['cifar10'] = utils.getLayerTransitionURL('cifar10', 'test');
constants.adversarialUrls = utils.getAdversarialURL();



const DIGIT17_MATRIX = [[-0.06964861140195115,-0.22322795105944146,0.16592833228001994,-0.24705808791942122,-0.012820982604228029,-0.3007937444285745,0.4041703731700457,0.06046549130640858,0.7257761826957048,0.26897277687149973],[0.3366051322519739,0.5443486781588671,0.10601120939591963,0.19793434558151807,0.3208041333718102,-0.31561608156877974,-0.42641877953151386,0.054173750793755616,0.38167417802737114,-0.08362635907181518],[-0.18716572988629201,-0.15369357558054014,-0.18560647211296857,-0.08103150549162327,-0.01657015485052799,-0.22669812322074534,-0.5086402683187504,0.25872325102654503,-0.14547056432682184,0.7084140524034523],[-0.20704359964711097,-0.03945512683103574,0.16204189986492504,-0.2448837588313853,0.46321062496418525,0.2371286416477087,0.0042648426651163305,0.7373258049223569,-0.023360537270531417,-0.23311646488904442],[0.23315874370299663,-0.0638932008539715,-0.31506606994036923,-0.2644058226023589,-0.026204833148563787,0.6993105892248089,-0.292939440482334,-0.12494036791154327,0.4182609654038823,0.07930795470139661],[-0.5559403482083405,-0.3775935552168028,0.2117923944439152,0.1798178275275913,0.12714249680028486,-0.025969255955270887,-0.44655430996883133,-0.32410014511795804,0.22675060329782099,-0.3137767648999328],[0.19704813448908617,-0.17717961449254302,-0.061809954991058284,-0.43318531489064055,0.6710986068004772,-0.16589561070062292,0.05529357537553839,-0.4412476986331299,-0.24263987443412377,0.061511917042306616],[-0.3982251892614023,0.5442809220925301,0.44913225390691314,-0.12418542722569821,0.07247150642288286,0.3239321732491275,0.09703793060674117,-0.2562033121124978,-0.05165428023569114,0.3743318591296602],[0.06607256803928789,-0.1972190226130385,-0.06530916418207638,0.726590366765086,0.4339269222615776,0.2557688355632966,0.25166827718305096,0.011066258406397668,0.06124837295020254,0.32189937365115934],[0.48860870829972325,-0.3398329903964881,0.7393198810349352,-0.0003837192478967214,-0.14598539781786124,0.12127149041902284,-0.18720388281158998,0.041339273081982424,-0.1192251939567078,0.11042485318395197]];

//sandal sneaker and ankle boot (SSA)
const SSA_MATRIX = [[0.0022249182875662605,0.015482011312121817,-0.48171588859539943,0.6823775091848413,0.45291669681961666,0.0978125508552668,0.04321962643824077,-0.024299281825944045,-0.2617696935774439,0.1279980533157421],[-0.09265344395605139,-0.046483507600388115,0.12843169595102547,-0.4263359196507434,0.7462890195086656,-0.13091755975774616,0.43462292116940593,0.02892949992471948,0.03852254351479373,0.16029008675604484],[-0.016873019317134696,0.02952243975273981,-0.33860907019868797,-0.4244181128285215,0.043689973683528185,0.8049610574774566,-0.15494533146287318,0.11370239098447073,-0.1287670175861786,0.025856096398439107],[-0.0918410447936764,0.055131921098425477,-0.16969626544428904,0.173857697082302,-0.19484529939759618,0.12597975650281093,0.5559673053808345,0.5907482362419785,0.442026216221001,-0.14898484345325497],[-0.042864806013923416,-0.05780638955620829,0.09610253635942581,0.13932754004045814,0.12694052219393248,0.13279523364671916,-0.358790573956445,-0.025274201097372207,0.6802018359329914,0.5834215455067718],[0.6872831831344884,-0.47687254901046167,0.2651989866825617,0.1074195351280697,0.2105186833773527,0.13307310587733195,-0.13318874324522975,0.28811853472835297,0.01999192881990397,-0.2349194818618493],[-0.05933544274684613,-0.08758131999623416,0.5084803588129275,0.1921863701290846,-0.2219015047305612,0.29675321380792236,0.3247876443967244,0.08667593708065238,-0.4124483297738415,0.5224029450510318],[-0.02828112680298146,0.7123516846827633,0.456317436177863,0.17843226906574972,0.26619881428769776,0.19799706361750774,-0.1937750487214972,0.1513728678457211,0.016751848455893326,-0.28440076126762603],[-0.08125404846174208,0.0729467310420337,-0.12041363333092917,-0.1546690409175944,0.010428152680786387,-0.3662580936727701,-0.3777198221735485,0.7155287605198409,-0.2904115465631033,0.2764205556907005],[-0.7053882690173675,-0.4924457788917482,0.21716043894029835,0.13636010258123932,0.13191973120432302,0.11272431177039029,-0.2096409193843731,0.10296587290682524,-0.01473737287157733,-0.3305960507925055]];

const CD_MATRIX = [[0.19100688542124916,0.3040102521606807,-0.5734183115948226,0.5356034775484815,0.288191679008119,-0.03766423820298287,0.3050847330466281,-0.08899391153721935,0.12770273537265256,-0.23159631501639902],[-0.04194085634218619,0.01474157466443766,0.1178942385980002,-0.4302917227904609,0.7756247148419775,-0.07902979098505811,0.3978561787248957,0.035120085344874916,-0.01702473593349524,0.17697860106368302],[0.0303074337159292,0.3308350825636225,-0.2490937176336332,-0.5828475382459753,-0.2050661928457563,0.46334064036927,0.08261970605672843,0.055707916008504485,0.33462301367284136,-0.3305026976021142],[-0.6844059619146127,-0.11880761239909572,0.036507239096087954,0.2845422314363885,0.12388490017181679,0.3436954883862001,0.06843798528113576,0.5251936905596127,0.07428173030834812,-0.12518852757486482],[-0.009268028265860305,0.3131957308243132,0.06505664837895461,0.1457258044736573,0.15174128711697482,0.12994822768086853,-0.3775988555718234,-0.03910949135406131,0.5878535280419805,0.5888632962664996],[0.6338638209681561,-0.5100753342544558,0.12367506859134098,0.11239631253055406,0.08181869653108748,0.27978917537104037,0.06557233322693125,0.3806104917408002,0.27161557253042,-0.04686126209821224],[0.11736925212404886,0.3470786704657,0.3692588478632506,0.18461501581862985,-0.31787998715043964,0.28473798948698587,0.612629089534165,0.01736043602940517,-0.18051346133577015,0.3240397347220385],[0.07242852522708525,0.34233117115615314,0.6449677245712233,0.14086584170148564,0.14471365385274937,-0.20399939751267235,-0.10523835853653789,-0.0020999868517843703,0.219173175120271,-0.5657408667843841],[0.1524086146269801,0.3314854632938403,-0.14827142841177732,-0.1315146006133846,-0.13410059757338127,-0.473641968958866,-0.05275359735929265,0.7468765508563426,-0.09523544521811726,0.12494597170981621],[0.21979129815512333,0.2792634829419621,0.008010039054598225,0.04702651451423826,0.29708556092188515,0.4661843448771656,-0.44840931185113087,0.08596861732582761,-0.5973887033528457,-0.02248527578792942]];

const AS_MATRIX = [[0.44816331596534337,-0.5442566899856721,-0.2658311691647552,0.11452840973946317,0.26863013005447933,-0.12132333406776191,0.11160522062640887,0.5616336862437874,0.06597270450666924,-0.0054140368168143225],[0.028651276835724573,0.33592238280059245,0.12199965281020464,-0.3778977842821094,0.7285684897749805,-0.06218018047756266,0.4143964421237868,-0.006220700391207299,0.007430568218884203,0.14882158975979629],[0.11068261623125958,0.3133718434556663,-0.6096753194201882,-0.43861885820915136,-0.27018997299573355,0.11389757074479133,0.1424054595484222,0.1081086394118776,0.2555887472879916,-0.3770799247012009],[0.2126416543584179,0.252657639744286,0.10986125706850666,0.49079923003382786,0.17786758450194143,0.7179052443973919,0.0818877175667033,0.06442150605694047,0.11841782994680491,-0.2570815729958444],[0.07274773310500807,0.3288152028355841,-0.28764134573411054,0.2979171750841535,0.09362123675544444,-0.18053016279482104,-0.30917663111651744,-0.016848704121524824,0.5394535939258797,0.5355892260094471],[0.2508240191103887,0.2099428739757974,0.5285315002115831,-0.3758325867546337,-0.2658051414937885,0.12406709473716726,-0.2590041738772287,0.525134866334283,0.10316857772495926,0.1813203202206309],[0.1797646580411363,0.2717859533727429,-0.029330601324994595,0.2851076986089794,-0.4173989285663072,-0.15541218203791224,0.6373965183536534,0.12503399699505643,-0.29452218526192847,0.32348790977246916],[0.14263698450615706,0.2978986998009461,0.2576358462511728,0.27348597804376906,0.05281014599173006,-0.6169452148583988,-0.05399155287464673,0.07317543151223362,0.1227070355482518,-0.5856647403246849],[-0.7873147130365155,0.023092670931021877,-0.016503348837843053,0.14385031029860323,0.024976482480571622,0.014310848794316013,0.1518333583570522,0.5559729079190234,0.15362623823994878,-0.045256045934696836],[-0.011472211056122455,0.3369911775608956,-0.3179377593771521,0.06346221534308925,0.18797446323557898,-0.009526210195856073,-0.4403621474094424,0.25009352613118546,-0.6994202656749854,0.010677770157494677]];

// train vs test matrix
const TT_MATRIX = [[-0.4100695012026095,0.4171172244443697,0.4082553971388523,0.044596309541480056,0.01811212308494946,-0.0239422056202537,0.062396001406931405,0.6014237097015704,-0.0263397184896292,-0.3492794390914737],[0.2983346261922611,-0.07439446533000818,0.30484555675248715,-0.3547018636814688,0.23294680060790776,0.6021272798038938,-0.019762743350440638,-0.13793847929538663,0.2737746506911635,-0.4189583109553031],[0.2261590626210074,-0.2995098713601604,-0.15697083867863706,-0.21488206055839826,0.105463544373165,-0.046795187655277785,-0.052900986050298165,0.2662109271642896,-0.7747126044455657,-0.3180770832264888],[0.3417943587676185,0.10527162005140828,-0.07533913726307416,-0.08225516295418346,-0.026637579534306028,-0.4410544599779922,-0.7010543840963578,0.1575026358076131,0.3137125811399692,-0.2229665765708505],[-0.007759815777370388,-0.010901261440385166,0.5231258139958974,0.3717777247754198,-0.26717447655640025,0.23414043105737464,-0.5005314740068416,-0.25614056458931894,-0.3615725165918157,0.12191505820445896],[0.1597418691263848,0.42500744859989414,-0.0550887653979454,-0.5407239212338898,-0.666270225074055,0.10518717214274956,0.06418502332826373,-0.00622634357666379,-0.12370759398502178,0.1548924317964762],[-0.6295947047894015,-0.03842283679745048,-0.04756870465447637,-0.37046717216523684,0.02222363301560681,-0.2116841750775076,-0.18082040884096665,-0.524039467483138,-0.07589634999003994,-0.3228742270313284],[-0.14761925983716156,0.3686977928441555,-0.2119750516974816,-0.21710728177685198,0.5386228737517237,0.2893425925105357,-0.3650169743236019,0.09569936007239524,-0.1566975379221824,0.4576219880114085],[-0.35409318273517204,-0.4292014752931743,-0.36048755684456957,0.02643244458227642,-0.3532799933685625,0.43015491606615613,-0.28426007154655164,0.3582787030751923,0.20151967647468738,-0.011685713095426594],[-0.0756805786252192,-0.46616730416635177,0.5061995804521016,-0.45119434624200866,0.05349917567412576,-0.24637780577370147,-0.00719273476086241,0.21401178250851702,0.09378512095869213,0.446019650732865]];

const LTA_PRESOFTMAX_MATRIX = [[0.4247779529409841,0.8270589252305277,0.09537151877574752,-0.024188706176590764,0.2298662491497279,-0.11919985066624905,-0.008721930528290038,0.23673564617726406,-0.03727714061445828,0.03605333630179985],[-0.076794726831543,0.04205436210465419,-0.3903265823454817,-0.3714098000320574,0.36528259849523315,0.7116961516162373,0.10161188108223684,0.1340169494779342,0.1706283783185725,0.06849462913524974],[-0.28521334462897885,0.035639712598952884,-0.06727771630719503,-0.17933707598246873,0.28592790451932526,-0.48107672997795614,0.6617822941031154,-0.04081543627052788,0.35726800837556877,-0.015600931342064054],[-0.319265864700149,0.11378732782890695,-0.3445111750436554,0.5007328663257028,0.3821779118304886,-0.024096132101720357,-0.03857678656418694,-0.003949003114798364,-0.3680901564054702,-0.48173194853818485],[-0.05552171683751631,-0.028341990222466244,0.11695506798575485,0.670555240355684,0.11286936453417071,0.205708570618767,0.23988255260380376,0.1441401999464934,0.10313881681213426,0.6235206882519114],[-0.3200213602400392,-0.01418952195357291,-0.20040925806582383,-0.04335883354365868,-0.23034885066057031,-0.20580278872401375,-0.2402719878248526,0.8258617494068473,0.1349930668024029,0.043867055076937424],[0.025474035447789433,0.1554654459657033,-0.7155607649953043,-0.06431020250546114,-0.24647597343781433,-0.2360454426280733,-0.041052514546245755,-0.29215378701840966,-0.22025460028350813,0.454971905286683],[-0.0938828490598029,0.05759828083521906,0.1460534294690762,-0.16692612482467237,-0.32514291565465575,0.18288694631037156,0.5666949722127782,0.21906128716989012,-0.6558526497794993,-0.01527339033988167],[-0.7176982136971164,0.418773814402623,0.3182190407521882,-0.14600894661207958,-0.0436976406172917,0.09221252197317263,-0.2544527943568921,-0.2715999943097746,-0.020178877189670142,0.19396709772349754],[-0.018409656377134903,0.3100387363069808,-0.1639226764143239,0.2715352911101011,-0.5930746093831186,0.2548047177262067,0.21749940930224224,-0.11992463318192029,0.4454693552958227,-0.35516371047616246]];

// pullover, coat, shirt
const PCS_MATRIX = [[-0.5188529991164708,-0.10913221924288047,-0.0670347497848093,0.043431903547089645,-0.571788989507897,0.09400632869742727,-0.37252163666157206,0.4407874022565686,-0.2069039138156184,-0.029099216958025028],[-0.0032009723510147254,0.004652156232729536,0.16243163215447823,0.029538831490865874,-0.3356710999340175,0.5155948053790422,0.04624604722993534,-0.5246496511265349,-0.15598510959796283,0.5408060050845761],[0.6450174766877859,-0.5604123015190708,-0.03605115131675977,-0.07521828245834054,-0.04863495723130664,0.08883091278486636,-0.4789541112320436,0.07180788457689945,-0.13325848760837375,-0.019118157388517014],[0.015284991076827693,-0.022867990242502988,0.4066259811381715,0.4519430125548872,0.047381742592693815,-0.3841538318742359,0.04426953840036686,-0.11243225424337325,-0.6794564600211069,-0.05970902756419284],[-0.008346739390294467,0.6021454992661941,-0.024737551798160014,-0.16810901363534994,0.2333885039104709,0.011781306134723763,-0.6984103294361796,-0.20860600675785795,-0.1449805100469527,-0.039455635550636366],[0.012064746705148678,-0.0177344976041037,0.20364487036312331,0.314216677394628,-0.35792097983494386,0.019526704014262736,-0.14152878383436146,-0.4255951915482865,0.40980202832665735,-0.6014553098814346],[-0.5600251151648034,-0.5560636343747267,0.02147806635490701,-0.12081817626720603,0.44740997144921585,-0.029548551245006282,-0.19785753642994747,-0.3477120089864529,0.03149674096319817,-0.0038309032938370785],[0.016832100354687827,-0.024461746986187895,0.13692414494107613,-0.03423355130740472,-0.24019037320682107,-0.6822536747277852,-0.19505239240128114,-0.07856020946082802,0.3845010387209237,0.5137883442613423],[0.006645130519204951,-0.009759318963102382,-0.8209046007257362,0.5016918813101479,-0.011037798027581836,-0.11527229740534485,-0.033694470495765294,-0.21264730945747623,-0.0684167206185978,0.09918120745616339],[0.01814689367707008,-0.02625875008074938,-0.2594240951801219,-0.6267969194505706,-0.33941909649918295,-0.29951414285117745,0.20395185185715856,-0.34016152994591464,-0.33312087686651104,-0.2561564778210766]];

const TROUSERS_MATRIX = [[0.0019456495509259943,0.21025443260333748,-0.19667980147259653,-0.12328542740965788,0.754573481434337,0.15563914248138186,-0.1594993254048094,0.5181827153502606,0.028326554968529538,-0.11638990735700562],[-0.9993367056499661,0.026699821455578216,0.000587543414073586,-0.006956150633281558,-0.015792749192445586,0.0005199548885836591,0.002093867603295516,0.012393546584307054,0.008170787759481723,-0.00949250782391624],[0.008789268342411557,0.4707006636087746,0.666177269687875,0.27562926159070433,0.0344749054743097,-0.04613513651211038,0.20544725294555533,0.22725464072076812,-0.3162398736790656,0.24783485719613785],[-0.0009991098399858272,0.05984240354574633,0.5687872221389523,-0.3069172044475496,0.31177829505991234,-0.04811364451193059,-0.171608781949445,-0.4626294610319386,0.3791415549627412,-0.30324293074666303],[0.009280834149476032,0.7025940247279766,-0.3799084684580104,0.08395438070835898,0.035053989624675486,0.13776533347833828,-0.13027942638922177,-0.48479429366192217,0.08490976448225537,0.27473759585993096],[0.0017506336122667583,-0.07432179426612824,0.0922248771798162,-0.5111438010091442,-0.06063971921918079,0.6162395822077258,0.39395216066041455,0.05015300723209874,0.14858501451311748,0.40184606394772865],[0.0019500817577674941,0.030217483699750986,-0.12496656340538025,0.22745711872413457,0.18108897996139608,-0.3683196917877576,0.6766634086354829,0.02973393610530164,0.549970525536365,0.045299553077479335],[-0.03213476822801462,-0.4561402295662211,0.044672084449396694,0.20700904173522852,0.46994201072475233,-0.10552487976154598,-0.13265786934601986,-0.29403442885821934,-0.1478988350033602,0.6230133982600593],[0.010852801416235078,0.10796060933993074,0.056041935578540446,-0.331765224452369,-0.2404200528156161,-0.44686144293924535,-0.40417166711829317,0.3401029621476409,0.3654749419400119,0.45269660403255446],[0.0008280597597144363,-0.10072424691058282,0.1428875213213579,0.5844729962977725,-0.1250150157866915,0.4755231422174428,-0.3031504311603614,0.1584650595493784,0.517855304042008,0.02986511943780261]];

const EARLY_SEPARATION_MATRIX_LAYER5 = [[-0.535563498862218,-0.703189279811047,-0.16916209368018034,0.01778925458785874,-0.09516045135207142,0.00045957308431175594,-0.13725296464715353,-0.15453913346245968,-0.0643585859140321,-0.0052146041774079974,0.0019364860151907903,0.026994161378456085,0.02610671523647212,-0.008632746576075758,0.0251290162180672,-0.033713580670800804,0.0881167979870791,-0.05095796497637896,-0.10376161840166472,-0.06269202684502896,-0.011615308205974435,0.2092933025371971,-0.040798575450591096,0.1577313976042807,-0.015588974290874906,-0.03429419640352779,0.024055224242087545,0.03194714297924906,-0.0271909247184052,0.02540461308186063,0.07721318940823446,-0.061924796690892465,0.06435392040110292,0.041601430993520955,-0.026786832490921474,-0.03748859831215118,0.05305398174784857,-0.002019418277469857,-0.06860412487202831,0.009583554144726699,-0.05176429645564272,0.0015284387560160306,-0.0458481820639094,0.015753228792020603,-0.013358544803959116],[-0.2218432864133043,-0.00474894732424432,0.014156858655240367,0.20332758472417006,0.2786299762324735,-0.1756916846019158,0.3785423550217601,0.37472414386431263,0.1480526754269469,-0.13007649382331482,0.3226854644812461,0.01430490127940364,-0.04269761376159348,0.05451559328576927,-0.0417809330051881,0.02921709858879012,-0.05249760060629316,-0.05882197467168913,-0.1903122234184479,-0.030847899291776924,-0.14813432365599077,0.1334275576895139,0.3382811709600222,0.004294640730259117,-0.04473147298368884,-0.0678878553659673,-0.02845102948814816,-0.05391732247730606,-0.0915762599271229,0.06535421867990164,-0.12946039655816,-0.0399924642522553,-0.1352853200537457,-0.10840849629506105,-0.1522636696495474,0.0787817776652725,0.13573479859028845,0.10199060945378423,0.048871802183664985,0.04077803095806776,0.1035647236243497,-0.08921787547690847,-0.11327918168826184,-0.06053762011600549,-0.0028440848812492443],[0.1829746338501897,-0.28357912950003406,-0.006074141930856055,0.37723737873032354,0.3823475263096306,0.1447109763963772,-0.2070337830199799,-0.07494023191593903,-0.11720987728037827,-0.07633388007489604,0.04462751382359404,-0.14621060282883563,-0.08409015473947841,-0.16687521872206387,0.03245605702711824,-0.09251993996273465,-0.1741412879423543,0.17673332463100258,0.1723926618817385,-0.09336644941553257,0.03899998260479822,-0.1207123200576006,0.17034992682830657,-0.11224379955570268,0.09799328241992697,0.1388097740518361,0.09956075675144296,-0.03717078318873494,0.2254465050330282,-0.04114979803594336,-0.13063925380849578,-0.029779297437713296,-0.22861390738726345,-0.027498404251339727,0.02132561675444855,-0.057024713320658504,-0.09042822357380992,-0.15563936539980278,-0.006304241629743695,-0.11694142028476963,0.008036725787301984,-0.1194033414048219,-0.07018327115347421,0.07500112592288422,-0.21124469435234813],[0.03270377947224617,-0.13260380324064852,-0.1965958224261808,-0.06444054312457051,0.08387338063241792,0.21912261035494723,0.192219241188492,-0.1430832481449682,0.3424077404736598,0.02349639269861621,-0.16308522139548776,0.06436439332198295,0.1313215301363575,0.399006314239393,-0.04355479767530758,0.02741240486283387,-0.2349554312894273,-0.02466984328681295,0.14482272478683986,0.11920433561585565,-0.20193194456386343,-0.015881981841124063,-0.024151694391927433,-0.04274657742121887,0.0014431599242165436,-0.0512111472392579,-0.08987344517639097,0.20437328024628956,0.3248296056140293,-0.26073230870331254,-0.15231238721691176,0.20673426874507367,0.11654384905988847,-0.09335332395031107,-0.11327508468095006,0.0006917170439129819,0.11891761771219805,-0.016188016009731833,-0.003982371246478506,-0.01924023754694837,0.02341220202223056,-0.07855095183524523,-0.0010570431600419427,-0.12392901258390134,0.010174595058882506],[0.22860366645312222,-0.1887882170977753,0.20808969138222166,0.0225200222987869,-0.30867804373389246,-0.25550833637364295,-0.03848138137188422,-0.1674634085731271,0.22585222637511917,-0.20567800814160683,0.3937217833415652,-0.09279537084913814,0.1550471393680658,0.05152796177860287,-0.19834461140367263,0.06958074497180852,0.16468689647838541,-0.0409224994334904,0.07495916538882835,0.09599919735495945,0.10984436582811115,0.11549385194803893,-0.046061102896047,-0.14544843771526494,0.1439024496331388,-0.004832627385324418,0.08019469363537808,-0.2733197020900972,0.18883428002703553,-0.0911280271780467,-0.03361999956128608,0.024722627418528653,0.028583935572316393,0.008740103322014555,0.0005608181446022696,0.1376690912508874,0.06910343266440469,0.03464397500562869,0.13851427268355976,0.056793351830530484,-0.16485264349700524,-0.14358578618946738,0.039316524974292555,-0.04716750560093416,-0.10345163265457101],[-0.039868058458161354,-0.1715185456586989,0.05610405855510336,-0.23982558436396761,0.07883018776989055,-0.18594929561122903,0.20536593632870445,-0.037891538433500745,-0.03301097951355573,0.005387369547992621,0.03677971259382189,-0.13487237279449904,-0.013556152887203108,-0.21981782087715154,0.30021310543632773,0.07349182485617074,-0.23177720547170502,0.12839615042721178,0.05361251686565422,0.08622991755561632,-0.21703444604516875,-0.03373219882491321,-0.2853139644143665,-0.35491420883886726,-0.2372068443661912,0.13961419084785318,0.12288702939433477,0.011481864802487479,-0.13946285014237866,-0.006920837010490128,-0.12453543070474078,0.047498492714104563,0.15428359748578677,0.0003048670917597246,0.08027289701303941,-0.01868923425745179,-0.1468382463952625,0.25160688859640773,0.12382902344652418,0.11768892336641334,0.08306546202829845,-0.10294604012388067,0.03262034792754268,0.06409219009593448,-0.16592554525163314],[-0.046202886599419346,0.03032761490491005,0.15352934754951694,0.11074846177887254,-0.1619285487325791,0.2871747565226402,0.23144649885026536,-0.1915347959688605,0.019249452643973642,0.0014103626486673161,0.08492417374591328,0.39737083380526883,-0.10947352983065037,-0.2255440612900491,0.13116950160783933,0.12029893201723707,-0.04185751473033735,0.08418855331015258,0.2827571753930075,0.16619171588828838,-0.01106691665733033,0.10241382981565306,0.22106566448606735,0.034092594674330505,-0.14915347306232885,0.20885227264715542,0.06769936127931114,-0.062284230047720095,-0.06681928292678244,-0.20563797193649352,0.27913946799445677,-0.09539776369015225,-0.028706571400364055,0.174874379251433,-0.15603130809904872,0.17452081636225597,0.09846102657362678,0.054262181555745845,-0.07234140507090754,-0.0942813130823852,0.043714505391910304,-0.01307999207248895,0.00972846426140284,0.042941702388425505,-0.0006436206068266905],[-0.13460663165339004,-0.005141808419861419,-0.005945153676542106,-0.0330331963156079,-0.1854025555289716,0.18326367190150325,-0.017161612555642587,0.1361933270837591,0.3311481704172795,-0.08866267179538341,-0.07373110414634917,-0.5292238273564204,-0.15728231838197487,-0.017735067824021553,0.13894393265006333,0.13934267609039988,-0.1774065269638261,-0.030870584720128713,0.11068755021369509,-0.08419070817397571,0.12202993658422003,-0.09043788505601898,-0.006232199528668882,-0.07452922468828485,0.041411472538056895,-0.03348371095431383,-0.16528317986984564,-0.03664112407426045,-0.11689453099068074,-0.06078484779622493,0.30623414412191363,-0.22159219390626467,-0.1750209244937991,-0.10949506220162118,0.11309419078682631,0.0821291440827134,0.05302951619052965,-0.05853444235484179,-0.14347507524234862,0.06329764352095316,0.03040200906100169,-0.18163210124034082,0.08200856143484435,-0.13808384216491215,0.04749451554588336],[0.1860136812947605,0.012703411887488674,-0.12455584987382506,0.12450374858501885,0.010406157362168328,0.2604974285468148,-0.08604377940207292,0.0061876880734210785,0.004987407783841943,0.344438727044518,0.3431862575413635,-0.051270704842571534,0.3614874140623637,0.034323808367730725,0.2112746250253763,0.16589224812709502,-0.07573834333021792,-0.27122768794270585,-0.3347511525452397,0.09721529519592562,0.016842591659446318,-0.03526408836836321,-0.11733055478665835,0.04063342344184601,-0.1620964840649568,-0.037216631631334325,0.11961231944928342,0.05111071955841738,-0.02608620225662999,-0.01109309640123707,0.16231244473391923,-0.027614490641584048,-0.05964270964549116,-0.11617608094499644,0.014973203154903506,0.036824709761111955,0.03148788140648221,0.0059539286212298885,-0.0411658188285072,-0.04296896447921705,-0.05827626132825645,-0.10462197936644096,-0.11815186813686576,0.2652283284580132,-0.06032701424297736],[0.119037205068638,0.10116783152500873,-0.12301406280240716,0.12095960428820295,-0.02445525032377813,-0.11936808637636381,-0.07622853297940266,-0.07871954913597468,0.20598727056073624,0.018781925979975096,-0.18879063208169625,0.05464761296335985,0.090248204433501,-0.18774676062475784,0.10937497214942052,0.21259764177707466,-0.20452766057450913,-0.10441094101136221,0.10263250192994455,-0.3409844164798225,-0.09323219266280348,0.3440879032504631,0.04613042915514785,-0.00963243266254965,0.3144183859168951,0.07325316605203812,0.1257813765217158,-0.13365245776868742,-0.24403900938271617,0.0663357054485456,-0.06856895506118843,0.15780686585637368,0.19764408629442023,-0.03887041894545566,-0.13483513349715445,-0.13618468708596781,0.12515080150900637,-0.12180939278057656,-0.12471849863995585,0.16880244799131178,-0.0530145056588207,-0.031341127757948575,-0.13177698176439678,0.14823398166385846,0.04138628622619585],[-0.28934085093666756,0.16608064832081285,0.11828023034823114,0.03456223038210289,0.15683257782361118,-0.01785944903013336,-0.16380258792533528,-0.17621048523166732,-0.009330888982123243,-0.28102193757979943,-0.03564621671219617,0.0714654102533303,0.108045486787207,0.00012851405862947257,-0.11349943458395331,-0.04208156190445357,-0.18516917845298606,-0.2291853369799353,-0.11344876462996058,0.02033123208398468,-0.3327785749782475,-0.2730374135192842,-0.023485223155642165,-0.16017624380082615,0.032528006260983906,-0.0782498031891614,0.022302685943932345,-0.2896012885766217,-0.0027844433812366995,-0.14195763994358135,0.1064454423837545,-0.06254196920100918,0.05869403729905576,-0.041633213729710815,0.18530869613440018,0.10500575701865672,0.20587030248140234,-0.06642478843276271,-0.09658204425466421,-0.0498552094066254,-0.03427326211662894,0.26214631400555694,0.13022044933563925,0.18313264278047112,-0.10423018133360681],[-0.1226314005303209,0.07538455967202372,0.03724790422943411,-0.04024648474397908,0.03841979065698752,-0.038743979526264766,0.06179466893219486,-0.16850679880560784,0.02321676361484953,0.13290803951490796,0.0025352401143659037,-0.09229049386074646,0.05264766981826012,-0.123337686620033,-0.3185524245859631,0.2428689950002535,-0.25400955425478877,0.31119111543293615,-0.1450169362756405,-0.03078269866115992,0.1972555094815161,-0.0975156427179441,-0.01748961019905609,0.02382044582596107,0.07302407053970947,-0.24531247124782804,0.03638059768300356,0.0408687133176946,0.10119045905541008,-0.07611494238855596,0.10228782425571313,0.0189724247495002,-0.0585924793485808,0.15465329496788366,-0.11086974957831733,0.08376778476366767,-0.11673341059359574,0.19396220526171543,-0.09815224817111477,0.17557075442861889,-0.0304062582244951,0.2464143559590409,-0.42952776299981515,-0.06053611865519208,-0.14052357911647695],[-0.18165039085687537,0.007918750125460883,0.18471033535708348,0.14068796172429293,0.15057977834189035,0.10632343504308743,0.10253037460988378,0.1022302165013562,0.15149310100134097,0.08413852225403785,-0.29595700375041367,-0.07348294228195659,0.19541425647098254,-0.2667034682037852,-0.09260321915414584,0.04772295377147419,0.3419238901037654,0.04634951262859474,-0.26602814066003105,0.09946957960165628,0.2006599892106675,-0.03594035683795273,-0.11247910470842336,-0.2347608024804286,0.01280113523925065,0.24203349128043614,0.05424515999267672,0.08875804028159344,0.03198348028218069,0.006611844813825691,-0.011613049346835444,0.3145480305126902,0.029951821413705195,0.032485067713615215,-0.08161604613627546,0.1592136293314443,0.17492323467903267,-0.16181300691681438,-0.06975285370519684,0.018245881575642203,-0.037880397718629416,-0.07285330480400076,0.14007060303707577,-0.09113485292195157,-0.0743899157818843],[0.05890012724030634,0.02104547902484056,0.1076663914152756,0.053525616202356865,-0.11493389617540038,-0.0017052090785739345,0.09832844905995086,-0.13573228076633412,0.09958482538556282,0.16523323996115297,-0.152243552313427,-0.1970083404462913,-0.2145086346009171,0.08724829883911212,-0.05997705804665276,0.10744719602824153,0.1121359874594922,0.17396253047586727,-0.2876800891909304,0.11380758732470139,-0.35649421434899004,-0.010088346699622242,-0.026389734045812258,0.17439017572514393,0.054586479999323714,0.12639849956925195,0.13968238615425765,0.023119455713302182,-0.08318301668146093,-0.12994847505897097,-0.2843555007062709,-0.41111707108791956,-0.03699328546416665,0.20326223946373986,-0.001890925139111604,-0.017874235747593867,0.096287760439122,-0.23415622303116243,0.1333809493622004,-0.01998130817510379,-0.10558180357367478,-0.056033912345437906,-0.07118966302902238,0.13475447812726854,-0.0024607772735298875],[0.04121504170348835,0.061400523925750794,0.05572724540165064,-0.04029505895563034,-0.030161884045613718,0.0013988535583513036,-0.18444280375388444,0.041512594346019546,-0.08441283127520849,-0.07651977264532979,-0.010008372604907214,-0.017525667456842607,0.1041887458035601,0.18426684858990572,0.046529237704549246,0.12030450821121068,0.018851187322404296,0.05031405717404892,0.035533696289662665,-0.08153117247812558,-0.04110835989265894,0.23546408907277086,0.04102775271094045,0.144798704306431,-0.4443908675969427,0.04154512393710902,-0.1587582737577441,-0.09582317391970768,-0.03357785467030841,-0.09362191567128583,-0.12458320017838204,0.17503042085475232,-0.2154531201685818,0.24415263378671676,0.15542423171726769,0.02151823078548808,0.09109449976219883,-0.22424516515073348,-0.1230797184000106,0.35886900810454475,0.18605281396382248,0.021918419604849162,0.0052691951692526145,-0.08988620815318951,-0.34887614620751944],[0.050872596723252186,-0.03846774346759953,-0.30236285865730356,-0.24939352450467847,-0.10031587642613884,0.12012408416300992,-0.269396398010704,0.332949088118283,0.24080573448987455,-0.09475125631279108,0.12977777996059084,0.14310884329918183,-0.058929643217171875,-0.5290846171680061,-0.09525945670304077,0.03099820972477816,0.0753129731773523,0.04673402551059921,0.020788862098837787,0.24279506717848473,-0.23801624966769522,-0.12783526296963363,0.011000593692974759,0.1430143442773158,0.05133018267251126,-0.13671630067103088,-0.01190127677266514,0.036283341656500476,0.07394852902670881,-0.06686996942920707,-0.12954765670440402,0.05945803029890564,-0.027141897454786495,-0.00871073049571665,-0.019740547626855752,0.012970954078652924,-0.0005841309520659316,-0.09384352502366078,0.02305069551896838,0.07473765294218808,0.03831339699606451,0.015455110226693628,-0.025737015474734636,-0.0006538801714214512,-0.0644377897896413],[0.20111401821207125,-0.028848005287640213,-0.32444826369235863,0.17729577705958302,-0.2811693454218804,-0.07924454538079408,0.1799798062938777,-0.22160187764756656,-0.17831014345338847,-0.011789597187061997,-0.13273345440188394,-0.2716830946564026,-0.11273670213664459,-0.19099062455362953,-0.2560905442415526,-0.08532918613687693,-0.06416124084114046,-0.15289991452272278,-0.20836837348931622,0.16042143451228816,-0.09453287352178318,0.008257000534587269,0.34259203478638195,-0.07411627824133706,-0.22989011250415756,-0.000569379771799798,-0.05093505039621378,-0.050867930047355917,-0.017359119576077595,0.03537518024200282,0.04695969547084133,0.18607706646046016,0.07703408949671219,-0.04613621904797275,0.009779320839711197,-0.12537144852820054,0.0027361830044698374,0.1051788956543263,-0.15549713106429916,-0.04423493992107972,0.04953097247805653,0.002403832528535461,0.12832079704478438,-0.05404160785951947,-0.04375056052857842],[-0.030474399978132474,0.10216611590378329,-0.047860399109321515,-0.11267682339604092,0.12906620728247203,0.04925075616446056,-0.10314573339678615,-0.26405749939978274,0.11261833074304071,0.17446441685009503,0.32519716989876063,0.010299212577994897,-0.6151393881916092,0.016409340044043732,0.06273869791861744,0.05258211564056509,0.235080458167552,-0.21009537132681688,-0.09023243143319369,-0.2938520069042036,-0.043538764556281175,-0.0345937623487489,-0.048490322419599295,-0.18220691739410408,-0.03050787920113983,0.01754327620027878,-0.01847446204239303,0.11686149304481563,0.10006139767287758,-0.012659460761204156,-0.015647102151274305,0.16643237224959687,0.05230413417856264,0.009390848100038122,-0.09295542213546212,0.06475792270397629,0.04977677655558294,-0.007652456339910486,-0.11034477919480971,0.036130661895627775,-0.02268115015116542,0.056935843526855864,-0.007756147141427574,-0.08611019180388006,-0.10513494003229101],[0.03799888011085537,0.09931785871701114,-0.081188211550079,0.1740538479130805,-0.006981787368578083,-0.026473708940335985,0.04445636339031873,-0.12426545929689356,0.11123835085718506,-0.3160272005348324,-0.17186312589440453,-0.0670658128728791,0.07895533814139127,0.000015962539862274236,0.5426791437897122,-0.08424268411889592,0.4110037322986816,-0.028922666861675925,-0.09051237319432007,0.1078641704029511,-0.07874900788699596,0.007318907958185703,0.05008530485914606,-0.02632573871647513,0.09941864728682069,-0.20553971557774975,0.013639871264611308,-0.002789966529545469,0.10867018527112875,-0.1378534314879634,0.04551574209251777,-0.006468588014371115,-0.0941794080219631,0.07330136187542327,-0.02016350604523076,-0.1035426543517945,-0.16308963204232857,0.2034431749288315,-0.05989248397555224,0.05105377503327138,0.011789261265680622,0.12785239616840743,-0.26778328865742046,-0.050301727195852367,-0.07038557939661996],[0.03266982307830112,-0.1811185443109114,-0.08850862879197986,0.008193467237299346,0.011660832853559828,-0.34402926121508287,-0.002190914054595022,0.15034742414318716,0.08538301425731447,0.45925652300314185,-0.10086314768663887,-0.02744577051683303,-0.0186208452677034,0.11724297023004633,0.18048625446562083,0.12880543530562452,0.16909990971529038,0.06403020616713717,0.27640485754096705,0.09962419908659492,0.10503033093476764,-0.26514824685607136,0.2943590815460691,-0.029218289139389474,-0.003349804207591858,-0.09266146187913274,0.030338004632837992,-0.13828154226123524,-0.038618735096687826,-0.08190801371401829,-0.03525452587446695,0.013715038424080433,0.07168207295181774,-0.06700705353728577,0.10722467536772516,0.14295681928021284,0.17363444988152882,-0.00515641308347596,-0.0969140904594311,-0.01624614974830202,-0.007305580702446972,0.28173567153766277,0.06207563244169576,0.1572504188468414,-0.09594679553526433],[0.043909546606009126,-0.09555242138166842,0.12583645670767457,0.1130133543824666,-0.13528152136040145,-0.141764081665665,-0.009589492681486456,0.20197414076369752,0.07806325067039355,-0.23118213266797139,-0.276990295060925,0.05712167612594321,-0.3114728487660794,0.044171330314229665,-0.012313783463112248,0.17581576128191226,-0.1745874526364059,-0.3703075885131593,-0.01743750396213353,0.007601208080796467,0.17779917714501783,-0.09909618269047779,-0.1280763004709511,0.2230400862503536,-0.17970388687541808,0.035485261711304186,0.29252399488561875,0.14163031687491248,0.12914764760556643,0.01265229551059055,0.02322857787503177,0.18615333885687063,-0.10360872558154989,0.017127343049605902,0.0003170222955652098,0.09043193128791202,0.004614546392532655,0.06993062372787989,0.20350020839260435,-0.09611632778516999,-0.02078674853672207,0.04009356616917128,-0.1367735926556294,0.20650808805397633,-0.08104276333647725],[0.1331850611804043,-0.1836517964919151,0.018611548370312918,-0.056087377761892085,-0.17077188811155064,0.29297953448246733,0.1559622927937011,0.2646820040977404,-0.20243911879188528,-0.17398917846384362,0.003853504385578674,0.06370595850922618,-0.1517107362762394,0.24527580444590225,-0.05910294846039586,-0.03484549247840724,0.13258670254532773,0.24582379481073294,-0.061212395752974415,-0.10688596821220622,-0.0699307339665935,-0.2551720849479142,-0.07775694159216634,-0.17522417890193687,0.01243744525441734,-0.05384807270584935,0.070218653642191,-0.23954344376424472,-0.10993344167254382,0.01600627557890231,0.11721617872092104,0.17740394508485174,0.11513496234389937,-0.0760172704918743,-0.14005050628539695,-0.13720344140207133,0.12000483196386788,-0.07751469095290854,-0.16816381091923258,0.17932913326721972,-0.08479830654250439,-0.07015741326900904,-0.2170007026552847,0.22815263605744449,0.00464564109550941],[0.3100151010631674,-0.15090307952100251,-0.17569531165446378,-0.02293254347957505,0.1274770545077903,-0.3267798455001996,0.06558610954784103,-0.05655326853737348,0.10645041490313074,-0.027149955121533724,-0.1641746395910439,0.39775429534766255,-0.058724502067370454,-0.011730527582793023,-0.0024755467158047322,0.012170979419417364,-0.03251336290853112,0.18201329666080915,-0.29058613962891544,-0.14296791545575274,-0.03942103822670798,-0.035305694954017336,-0.20370668522675656,0.012310220235885178,0.0036367027924154452,-0.0421031968162573,-0.06321931355527106,-0.02156158101228179,-0.001253721630578573,-0.026531688763120828,0.2869903552136711,-0.14299146078271646,-0.2574142430001677,-0.057929567987010225,0.11541700232592565,0.13372799404751226,0.08507490636131908,0.02144346870623524,-0.20144738117323688,-0.03954631259558027,0.025402665599111408,-0.20265362633153547,0.13601510894101648,-0.1156738362319655,-0.0260952956633737],[-0.11008488390659157,-0.023368962612900727,0.2515122124071397,0.3780869082476998,-0.24618936479477382,0.1637666772423492,-0.024731240802221114,-0.016401731663306992,0.16377328383589987,0.2689924127981051,-0.12149061103182471,0.2972757170876778,-0.09941066626510218,-0.04857709830951546,-0.028726149870804924,0.005156070296152949,-0.026281010219489306,-0.002435564721068701,-0.02657688587148426,-0.038526308281353915,-0.10704835398190594,-0.03570929564506295,-0.0043984263185467215,-0.13305781867106278,-0.005097313701139955,-0.30065717186021745,-0.20958514363983508,-0.08183932084483649,0.041184787860708644,0.20496476672272088,-0.1310150563943974,0.014790577711139976,-0.00802748696527977,-0.15473666399615973,0.26075079425378755,-0.09527530705342474,-0.2102779473780656,0.09390745084096931,0.15574205348264994,0.17339017472932916,0.02981120167171663,-0.13546440611242005,0.05001500982869278,-0.010879848317199205,-0.10789360436786632],[-0.07811132476995429,0.12182534614087231,-0.17217511010578268,0.12349080587734867,0.010824250419802898,-0.04729899360340198,-0.39795134382