let constants = {};
constants.preloadUrls = [];
constants.preloadUrls = constants.preloadUrls.concat(utils.getTeaserDataURL('mnist', 'test'));
constants.preloadUrls = constants.preloadUrls.concat(utils.getTeaserDataURL('mnist', 'train'));
constants.preloadUrls = constants.preloadUrls.concat(utils.getTeaserDataURL('fashion-mnist', 'test'));
constants.preloadUrls = constants.preloadUrls.concat(utils.getTeaserDataURL('fashion-mnist', 'train'));
constants.preloadUrls = constants.preloadUrls.concat(utils.getTeaserDataURL('cifar10', 'test'));
constants.preloadUrls = constants.preloadUrls.concat(utils.getTeaserDataURL('cifar10', 'train'));

constants.layerTransitionUrls = {};
constants.layerTransitionUrls['mnist'] = utils.getLayerTransitionURL('mnist', 'test');
constants.layerTransitionUrls['fashion-mnist'] = utils.getLayerTransitionURL('fashion-mnist', 'test');
constants.layerTransitionUrls['cifar10'] = utils.getLayerTransitionURL('cifar10', 'test');
constants.adversarialUrls = utils.getAdversarialURL();





const cifar10_softmax_slow_learners_matrix = [[-0.11037623837597893,-0.37541479080959367,-0.2925645529050689,-0.34655719270880075,-0.01711948674705228,0.12651160761024477,0.42805397603654366,0.028231473865277915,0.5530810573991327,0.3673700765589884],[-0.2235324676370974,-0.3001334596388891,-0.5134975155244522,0.1527279944372268,-0.01035925360853719,-0.644567903332143,0.043505842019305255,0.28117336935427983,-0.256214265546922,-0.10380527755245406],[0.1935595777756776,-0.035196903769630354,-0.26481553569531346,0.2522049920087317,0.18076774411038138,0.0073684906757723705,-0.7038325224796267,0.04277229177430501,0.26090146950680704,0.4791145003822628],[0.5045330094101833,0.4327954605546475,0.013248630524422302,-0.053651786275500435,-0.001229605356614874,-0.31900706922563254,0.1521894092403709,0.47539777046546616,0.4159413390340381,-0.17646987064740421],[0.19230883483739294,-0.367515878916644,-0.12278494995103834,-0.3220596773922074,-0.14488667379676878,0.45088950314471277,-0.2893934682847112,0.5107191000016019,-0.16383807932265945,-0.3367964131827175],[0.4464049874112714,-0.31123552084252765,-0.1294165566789743,-0.18373818658368168,0.28317323521985177,-0.19350079966110148,-0.0858413844543938,-0.5764245326867904,0.12524574740765199,-0.42473114837768206],[-0.061426707570990786,0.40674051220461177,-0.20526320157295788,-0.7627955590443563,0.04513374136502248,-0.16512714272835058,-0.18229206207185022,-0.10232161974522348,-0.28747212971195535,0.22617361807401587],[-0.41445567539062933,-0.12263775410683433,0.4188564420516594,-0.18336683630061879,0.6588444230415567,-0.14669009015336046,-0.16603824411371595,0.2503169550254287,0.20012325509960593,-0.13509925486716276],[-0.1969669681369744,0.386637458419991,-0.5720456036971387,0.17975554313986697,0.421598530884585,0.41147813172300507,0.13497076798410565,-0.017564013168672347,0.04198006019175026,-0.29123831969354363],[-0.4418468282505653,0.13612880147346113,-0.061553448504552806,-0.06936660492679524,-0.5018800063588172,-0.08867984013547626,-0.3552487493864494,-0.1605490073263758,0.4694651619044133,-0.3814668086573242]];

const fashion_mnist_softmax_group_learning_matrix = [[0.2931825748416895,-0.35485840462353124,0.0745089285557733,-0.1432679662819434,-0.01601315729293506,-0.17085065877452102,0.4423967236505204,-0.014286977930730683,0.7287001615356765,0.07531883438251515],[0.28894704871518284,-0.04950174891949072,0.30362051153375375,0.6054453225727324,0.3241708971088218,-0.29560276180802136,-0.4798959305949538,-0.041319688149134795,0.17269985932939177,0.03176949291192486],[-0.07638654607581823,-0.42906438432795757,-0.3715845676407648,-0.24743548964314727,-0.023885912199695186,-0.06780714532178905,-0.4881779419240611,0.1813443321224236,0.034982488605972535,0.5772121336169667],[0.10688159798973994,0.11469273171135325,-0.04646937891789346,-0.19070149276922596,0.6333259163782405,0.038405349262248,0.1051003450042605,0.7133756349927488,-0.034938897299447616,-0.11466100430488288],[0.5203261688137237,0.3957673702268459,-0.23413742245499042,-0.05420423050715052,-0.08420921632553534,0.595344124272594,-0.2564665559557754,-0.06994199385338572,0.28424657047426344,0.04337657706842827],[-0.42322650147005425,0.20031037064876114,-0.16440039960173225,-0.32996840091866975,0.30037766945929595,-0.17036665580825155,-0.33379186799740046,-0.3150101818411681,0.42121830212816824,-0.3708417739364312],[0.3704901620346741,-0.5182036060577481,0.07937554191157092,-0.3054726709706079,0.3052810589118622,0.1790459280602269,-0.07603089191430489,-0.3842952548496893,-0.35078611587795944,-0.30466313419460717],[-0.0723605343723043,0.2760640711927882,0.16573218274399787,-0.09328992054061716,0.4786009918328709,0.0553222919199477,0.25458686376502515,-0.4141714986934174,-0.07695144677733469,0.6387401067185164],[-0.46181876909400515,-0.3625492209747621,0.06061756735942048,0.3720514439110981,0.18113463884308456,0.6585004710707344,0.05327084757968388,0.03282945975757081,0.2054591460440995,-0.024961477960812876],[-0.0875181372755009,0.037816380391273864,0.8017097753858116,-0.40381033570534036,-0.20149795774819806,0.1586063849387691,-0.2720224123240527,0.17853867483804137,0.0855539379032965,0.07848570583220646]];

const DIGIT17_MATRIX = [[-0.17444091971954223,-0.36370157912404394,0.1689420112225198,-0.2581760060188197,-0.06823899301927966,-0.2721978849337177,0.39199301534970477,0.043952413449171626,0.6867101098205141,0.1902259478593796],[0.2666936241206585,0.4081445987222054,0.11510929022935344,0.22964892895474862,0.46432899544096373,-0.40123530451085715,-0.3678876045849561,0.07035571819065264,0.4205763455974428,0.05036718536404661],[-0.42877221370196855,-0.14196991910756923,-0.16675773693684065,-0.09062917256256035,-0.05955565776706696,-0.18666742506164527,-0.5028867427744844,0.21179812546502305,-0.15847705448879096,0.6314404471670693],[-0.3196311848237627,0.027266730771832344,0.17427647666239615,-0.2417573827447812,0.4396188271466592,0.2680378078653094,0.02376153881809922,0.6753053820149081,-0.026198143389652498,-0.29304644103331834],[0.2717663687518671,-0.01852049002322587,-0.32710754053011115,-0.2673627889270122,0.00905788501743029,0.6648738838431548,-0.29819383086776863,-0.06099950827075727,0.4373675871330579,0.1457655464816812],[-0.4424509559206575,-0.30070686566791033,0.21166905384837212,0.16054603966263792,0.009460848378372652,0.06805726951015635,-0.47436683837267807,-0.4043585328581153,0.18938751736777626,-0.4627256871774582],[0.20594404063189525,-0.3524585051094187,-0.06509931372642722,-0.4730070759553565,0.6001453608263093,-0.17539359287539688,-0.003582186197231686,-0.36151937399386874,-0.2881761164549709,0.026353544045028758],[-0.31004087875239755,0.4484566867153612,0.47017193361074167,-0.08335528374607039,0.17714356346739774,0.3176183947577743,0.18526153736318893,-0.39766962397180206,-0.031979146759699546,0.38601111837499136],[0.007409016466782459,-0.41374601344033685,-0.0706718128983177,0.6966076522751177,0.3886168724184513,0.2626262868950722,0.2141462417541083,0.039012248641040255,0.006155357475623222,0.2666243041565298],[0.45190947694424943,-0.3048711636186624,0.7196741002918303,-0.02724573582165159,-0.20045326540127176,0.10451579210295156,-0.25180103110915925,0.18610842831480442,-0.12033028180872485,0.143295889696492]];

//sandal sneaker and ankle boot (SSA)
const SSA_MATRIX = [[0.002110350949416184,0.012866991517370661,-0.48062494041443127,0.6829327647627871,0.45368954044572557,0.0983718707088692,0.04244012872360359,-0.023418642922943444,-0.26175811353333106,0.12670580489334268],[-0.07540810425104301,-0.04131215554407902,0.12656791519700036,-0.42786536699846184,0.7454598967401571,-0.13191471045202796,0.43716279709017636,0.029016030430920315,0.03887665335996066,0.1641405810392078],[-0.012942098127352818,0.023859986170546563,-0.33618994956705966,-0.4233336338862316,0.04552415018879255,0.806186050250456,-0.1563831494065028,0.11603600892173141,-0.12865413254810204,0.023405745265887606],[-0.0726442434730445,0.042664270897312374,-0.16420330234322672,0.17597160458394462,-0.19037992576378163,0.12875216708761275,0.5534418418891428,0.5970316659716282,0.4425202467559832,-0.15356873307968577],[-0.03564209211985458,-0.04910370790207652,0.09260689979057066,0.13731432447993494,0.12466715622539769,0.13098806712864555,-0.35580153937126996,-0.027452854895777114,0.6803207729450745,0.5882199275870225],[0.7136060549913736,-0.5517162735024936,0.2089529096581716,0.08462239085846163,0.16586748061321036,0.10484235699531143,-0.10491645565064094,0.22705532758795222,0.01574219883577101,-0.1850403797042582],[-0.04951162881178046,-0.0742088771536024,0.5030962788269139,0.1891280429623589,-0.22544893173036418,0.2939728423914688,0.3293051054845494,0.08319221683883125,-0.41229375944332025,0.5296887429056887],[-0.007908367690520229,0.5883567584807406,0.5089217113337644,0.20430642421250592,0.30423604262703735,0.2248953561821485,-0.22947672573548647,0.19616684574781376,0.017938611587371905,-0.34413816346469683],[-0.06379185997209855,0.05795938289266389,-0.11363325760689877,-0.15185368533913887,0.015752103014054677,-0.36283899822857035,-0.381243093799302,0.7226841525332949,-0.28993128734353996,0.27022240819846455],[-0.6868603749682826,-0.5778462287161383,0.18904172869982488,0.11734755743186023,0.11597214618466041,0.09802311252684157,-0.1796776216864031,0.09335914491020411,-0.011957468180199157,-0.2839160242629347]];

//cats vs dogs
const CD_MATRIX = [[0.17563334384756454,0.2983066629077749,-0.5719231475098533,0.5432149186208695,0.29166754732246797,-0.02773422064093211,0.3071141578007217,-0.07408310799691484,0.13092510036358843,-0.2349459279299949],[-0.037759253872511556,0.013201167724941957,0.11821111821700825,-0.43067182733484743,0.7755712743232628,-0.07900668666757728,0.3978947407053413,0.034998945876284,-0.01631372868088896,0.1771545366541405],[0.030662232790016276,0.32023453627868403,-0.24660143777359683,-0.5771856566937488,-0.20205852766226753,0.4725530310183143,0.08461743255707224,0.06900578349564668,0.34004250461662255,-0.33297040278337703],[-0.6989308413530084,-0.1663261566422209,0.0388313511965835,0.2716599688524091,0.11950247633147008,0.3335036275942979,0.06677802644632506,0.507853271715355,0.07980948906848542,-0.11947786275381816],[-0.0053424233893813655,0.3022347424951876,0.0675867434702395,0.15055062510233216,0.15444013810182144,0.13838499692265357,-0.3757497403323763,-0.027093248291268482,0.5934376078705149,0.5867707310368243],[0.6332455109679931,-0.5328021874269059,0.11611774554950637,0.11372265913410036,0.08005895135808555,0.27119227625777403,0.06321793232448768,0.37077271802050393,0.2549738900407797,-0.047649674577132504],[0.10951757959174083,0.3380788141655808,0.37145329025197216,0.19186054095126268,-0.31433590476377066,0.2952246750897461,0.6148480973641198,0.032767640722367916,-0.17570071890822875,0.3208945116677334],[0.06882014871472289,0.3324245111914768,0.6473673065295404,0.14738046861788473,0.1480153792703365,-0.19404130501652064,-0.1030925388863903,0.01237920846293247,0.22438934958360077,-0.5685594272024993],[0.14107782292897442,0.32390194797495014,-0.14632804421948137,-0.12398863027861683,-0.1305448910733544,-0.4632809103537007,-0.0505704305344189,0.7622842037822721,-0.09107028226219019,0.12165507156282525],[0.2015464955832923,0.27510814745847817,0.009204904818165851,0.05471676430638087,0.3004862322537749,0.4757344037553196,-0.44646753242624215,0.10049577205680058,-0.5948941272862347,-0.02586471861371873]];

//airplanes vs ships
const AS_MATRIX = [[0.6778065847796289,-0.39203682780573246,-0.25109362332044777,0.09418625890440897,0.2526407990259798,-0.11654964171725127,0.08963767546759539,0.4769002077694276,0.04567390207479244,-0.0005306160523171003],[-0.08397348150090589,0.3276403884464017,0.13185214236832227,-0.3632757131195722,0.7226610951956732,-0.05485224722648052,0.43285180512981686,0.04985319347054674,0.026755543298311344,0.14295553972446393],[-0.00416637617202411,0.30997701559487445,-0.5974642092468931,-0.4290215622566178,-0.27872874271772113,0.12286321162301662,0.15953294005198695,0.15198299184817368,0.27343040728434953,-0.383112322579948],[0.10625132704879885,0.2546175807410073,0.12495364065589676,0.4960300375230488,0.16404535626553976,0.7295993770479221,0.09341707447807605,0.08702151222855148,0.13210102164917256,-0.2631445029320213],[-0.04252364923611699,0.327047692045186,-0.27910660281441313,0.31077466935985265,0.08718094767297332,-0.16908907885200716,-0.29025676551594176,0.034784503988870376,0.5618506732721766,0.5286051367581743],[0.1542688777015134,0.21556894739576865,0.5448890572681678,-0.3715963222240824,-0.28109465943938405,0.13630052943698429,-0.2523303998180478,0.536972711146147,0.11595412403724449,0.17803231984943044],[0.07150995289037458,0.275838861520309,-0.01499675580254847,0.2935580790800679,-0.43071531785247896,-0.1432771007148043,0.650191513851429,0.1570217134230812,-0.2763875759288109,0.3202484546636814],[0.030338326929771925,0.30213644440170995,0.2710550255294992,0.2852607735269798,0.04031058095233599,-0.6068519615564792,-0.03737428497314799,0.1146332354854875,0.1430499730322507,-0.5899605599394524],[-0.6898950726358313,-0.37721139954862193,-0.03582789886908913,0.1422026534577982,0.043945715442418966,0.0038449328022427736,0.1495568285277859,0.558844510611134,0.14776802347423287,-0.04237081118635731],[-0.12092782467998896,0.33904413638911507,-0.31177902893643594,0.08135130436454721,0.18342954546934753,-0.003927718992562863,-0.41951660961859794,0.31584147778721955,-0.676145586698736,0.004078334894708154]];

// train vs test matrix
const TT_MATRIX = [[-0.4358696494676236,0.3382756012953035,0.4189815605297058,0.04112203017029392,0.044449127145742895,-0.028421167843342074,0.08936308401156459,0.5598148929769723,-0.07207568197634125,-0.43473420616649017],[0.40355048086085554,0.002277642167478124,0.2907051175674892,-0.32879135290335654,0.2237729725752623,0.6021205721330615,-0.026404918857065283,-0.10886850786966913,0.2939715724993498,-0.36460419470270866],[0.3172026861769568,-0.3671923381035347,-0.1494985919754649,-0.21527693882693844,0.09675416928356831,-0.05488920455734035,-0.09387904158015366,0.30098402401570945,-0.7158123937341689,-0.26775365374166166],[0.34883573489530034,0.2597468715829815,-0.09886345071411183,-0.02747717558066907,-0.03583140703500387,-0.4314093835577311,-0.6739138967330487,0.19387259518452843,0.3086196381050926,-0.16101448800813847],[-0.00556209040184168,-0.008597282393116346,0.5236212867665975,0.370193487578667,-0.26724644653792434,0.2338734977658371,-0.5017366263971462,-0.2567686110686383,-0.3605783160745381,0.12193735940645833],[0.11912144203687226,0.4722981341014331,-0.07333733849809461,-0.4829484250112052,-0.6674178346728709,0.11176498397437988,0.1253274162069575,0.008873547363354576,-0.18692807838960623,0.12434316573098703],[-0.46700795212280843,-0.07065773706276532,-0.02080159646510868,-0.42617998426408304,0.0399177769964822,-0.23788052615559768,-0.20601995537516685,-0.5747982582691392,-0.08087120768541943,-0.39659927615349183],[-0.21809478113015832,0.4036896489643258,-0.21626268160638049,-0.20398023204741547,0.5477877741455095,0.2888937235766121,-0.3119511334767695,0.06938777782157862,-0.2267292695351069,0.4050018360001778],[-0.3775874940683553,-0.4070058912097027,-0.3372560125490355,-0.053465165064085926,-0.34194653270045516,0.42300057875572367,-0.3442914921996322,0.3198524993237207,0.24000673745291112,-0.029518454684469963],[-0.04904908389122804,-0.3556890422095589,0.517029676732168,-0.49671705419365647,0.042955069094157645,-0.2476928145107458,-0.05101801647835469,0.20749647105994093,0.14228130639530118,0.47742382857842064]];

const LTA_PRESOFTMAX_MATRIX = [[0.4247779529409841,0.8270589252305277,0.09537151877574752,-0.024188706176590764,0.2298662491497279,-0.11919985066624905,-0.008721930528290038,0.23673564617726406,-0.03727714061445828,0.03605333630179985],[-0.076794726831543,0.04205436210465419,-0.3903265823454817,-0.3714098000320574,0.36528259849523315,0.7116961516162373,0.10161188108223684,0.1340169494779342,0.1706283783185725,0.06849462913524974],[-0.28521334462897885,0.035639712598952884,-0.06727771630719503,-0.17933707598246873,0.28592790451932526,-0.48107672997795614,0.6617822941031154,-0.04081543627052788,0.35726800837556877,-0.015600931342064054],[-0.319265864700149,0.11378732782890695,-0.3445111750436554,0.5007328663257028,0.3821779118304886,-0.024096132101720357,-0.03857678656418694,-0.003949003114798364,-0.3680901564054702,-0.48173194853818485],[-0.05552171683751631,-0.028341990222466244,0.11695506798575485,0.670555240355684,0.11286936453417071,0.205708570618767,0.23988255260380376,0.1441401999464934,0.10313881681213426,0.6235206882519114],[-0.3200213602400392,-0.01418952195357291,-0.20040925806582383,-0.04335883354365868,-0.23034885066057031,-0.20580278872401375,-0.2402719878248526,0.8258617494068473,0.1349930668024029,0.043867055076937424],[0.025474035447789433,0.1554654459657033,-0.7155607649953043,-0.06431020250546114,-0.24647597343781433,-0.2360454426280733,-0.041052514546245755,-0.29215378701840966,-0.22025460028350813,0.454971905286683],[-0.0938828490598029,0.05759828083521906,0.1460534294690762,-0.16692612482467237,-0.32514291565465575,0.18288694631037156,0.5666949722127782,0.21906128716989012,-0.6558526497794993,-0.01527339033988167],[-0.7176982136971164,0.418773814402623,0.3182190407521882,-0.14600894661207958,-0.0436976406172917,0.09221252197317263,-0.2544527943568921,-0.2715999943097746,-0.020178877189670142,0.19396709772349754],[-0.018409656377134903,0.3100387363069808,-0.1639226764143239,0.2715352911101011,-0.5930746093831186,0.2548047177262067,0.21749940930224224,-0.11992463318192029,0.4454693552958227,-0.35516371047616246]];

// pullover, coat, shirt
const PCS_MATRIX = [[-0.5034043206959695,0.4882406834103894,-0.05912248443125078,0.006311149517930722,-0.419510036281329,0.0927421654061317,-0.4159525056516584,0.3328134705933329,-0.18861348110873158,-0.026901821254662353],[0.00008393591707865495,0.004786133831729624,0.16273298385232707,0.02964997314073431,-0.33389536557495386,0.5151003114535374,0.04879117416157147,-0.5260853931425968,-0.15498060487125473,0.540958489613288],[0.5347533470706162,-0.4244471410158031,-0.05854655742694586,-0.06231694751576306,-0.23119290922635885,0.1299810371739653,-0.60456306755367,0.22344170179638292,-0.20015030337041578,-0.027282026205022097],[0.0017026704522030364,-0.024250615233513434,0.40483124687318517,0.4510919461514155,0.03716051294781895,-0.38099378756437297,0.02804677213438462,-0.10394866069380782,-0.6857324295140961,-0.060651842402906435],[0.3679527300010211,0.6340615749892796,0.007473922962426563,-0.14745198062242842,0.4054499291855701,-0.04351335294290436,-0.3883676929624957,-0.3498076232965038,-0.02889587865760051,-0.02158458883815369],[0.000919273988014637,-0.02033989479673164,0.20228943777663483,0.31399816652290846,-0.36693028580935905,0.022068155023809065,-0.15322997711997532,-0.4181489128012738,0.4049386798693213,-0.6021971991545467],[-0.5702855958495194,-0.42014417742812976,0.0025802960858203735,-0.15856896091207173,0.41305588551961725,0.008426054055633883,-0.4505074645022379,-0.31223498463831484,-0.041304549954042744,-0.016203272712659464],[0.0013543887071744427,-0.028551323888119762,0.13513206598384372,-0.034639653190686334,-0.25217906400016016,-0.6788916565019691,-0.21147560061972534,-0.0687560006698997,0.37794944241345196,0.5127759226124174],[0.0005038800585226312,-0.011380510509248983,-0.8216318716336114,0.5015387639424321,-0.015822609755799088,-0.11398450098865234,-0.04025886057725743,-0.20875956941174423,-0.07100171952887348,0.09881683342048725],[0.0014952900392455086,-0.030676440308558248,-0.2615020614454334,-0.6272890998655477,-0.35242995009663325,-0.2961105574573917,0.18630952304993323,-0.32973522268253236,-0.34016681309308583,-0.2571836484265901]];
//[[-0.5188529991164708,-0.10913221924288047,-0.0670347497848093,0.043431903547089645,-0.571788989507897,0.09400632869742727,-0.37252163666157206,0.4407874022565686,-0.2069039138156184,-0.029099216958025028],[-0.0032009723510147254,0.004652156232729536,0.16243163215447823,0.029538831490865874,-0.3356710999340175,0.5155948053790422,0.04624604722993534,-0.5246496511265349,-0.15598510959796283,0.5408060050845761],[0.6450174766877859,-0.5604123015190708,-0.03605115131675977,-0.07521828245834054,-0.04863495723130664,0.08883091278486636,-0.4789541112320436,0.07180788457689945,-0.13325848760837375,-0.019118157388517014],[0.015284991076827693,-0.022867990242502988,0.4066259811381715,0.4519430125548872,0.047381742592693815,-0.3841538318742359,0.04426953840036686,-0.11243225424337325,-0.6794564600211069,-0.05970902756419284],[-0.008346739390294467,0.6021454992661941,-0.024737551798160014,-0.16810901363534994,0.2333885039104709,0.011781306134723763,-0.6984103294361796,-0.20860600675785795,-0.1449805100469527,-0.039455635550636366],[0.012064746705148678,-0.0177344976041037,0.20364487036312331,0.314216677394628,-0.35792097983494386,0.019526704014262736,-0.14152878383436146,-0.4255951915482865,0.40980202832665735,-0.6014553098814346],[-0.5600251151648034,-0.5560636343747267,0.02147806635490701,-0.12081817626720603,0.44740997144921585,-0.029548551245006282,-0.19785753642994747,-0.3477120089864529,0.03149674096319817,-0.0038309032938370785],[0.016832100354687827,-0.024461746986187895,0.13692414494107613,-0.03423355130740472,-0.24019037320682107,-0.6822536747277852,-0.19505239240128114,-0.07856020946082802,0.3845010387209237,0.5137883442613423],[0.006645130519204951,-0.009759318963102382,-0.8209046007257362,0.5016918813101479,-0.011037798027581836,-0.11527229740534485,-0.033694470495765294,-0.21264730945747623,-0.0684167206185978,0.09918120745616339],[0.01814689367707008,-0.02625875008074938,-0.2594240951801219,-0.6267969194505706,-0.33941909649918295,-0.29951414285117745,0.20395185185715856,-0.34016152994591464,-0.33312087686651104,-0.2561564778210766]];

const TROUSERS_MATRIX = [[0.0019456495509259943,0.21025443260333748,-0.19667980147259653,-0.12328542740965788,0.754573481434337,0.15563914248138186,-0.1594993254048094,0.5181827153502606,0.028326554968529538,-0.11638990735700562],[-0.9993367056499661,0.026699821455578216,0.000587543414073586,-0.006956150633281558,-0.015792749192445586,0.0005199548885836591,0.002093867603295516,0.012393546584307054,0.008170787759481723,-0.00949250782391624],[0.008789268342411557,0.4707006636087746,0.666177269687875,0.27562926159070433,0.0344749054743097,-0.04613513651211038,0.20544725294555533,0.22725464072076812,-0.3162398736790656,0.24783485719613785],[-0.0009991098399858272,0.05984240354574633,0.5687872221389523,-0.3069172044475496,0.31177829505991234,-0.04811364451193059,-0.171608781949445,-0.4626294610319386,0.3791415549627412,-0.30324293074666303],[0.009280834149476032,0.7025940247279766,-0.3799084684580104,0.08395438070835898,0.035053989624675486,0.13776533347833828,-0.13027942638922177,-0.48479429366192217,0.08490976448225537,0.27473759585993096],[0.0017506336122667583,-0.07432179426612824,0.0922248771798162,-0.5111438010091442,-0.06063971921918079,0.6162395822077258,0.39395216066041455,0.05015300723209874,0.14858501451311748,0.40184606394772865],[0.0019500817577674941,0.030217483699750986,-0.12496656340538025,0.22745711872413457,0.18108897996139608,-0.3683196917877576,0.6766634086354829,0.02973393610530164,0.549970525536365,0.045299553077479335],[-0.03213476822801462,-0.4561402295662211,0.044672084449396694,0.20700904173522852,0.46994201072475233,-0.10552487976154598,-0.13265786934601986,-0.29403442885821934,-0.1478988350033602,0.6230133982600593],[0.010852801416235078,0.10796060933993074,0.056041935578540446,-0.331765224452369,-0.2404200528156161,-0.44686144293924535,-0.40417166711829317,0.3401029621476409,0.3654749419400119,0.45269660403255446],[0.0008280597597144363,-0.10072424691058282,0.1428875213213579,0.5844729962977725,-0.1250150157866915,0.4755231422174428,-0.3031504311603614,0.1584650595493784,0.517855304042008,0.02986511943780261]];


